0 0.00033344 0.988689 0.988689 0.998165 0.947079 1.05345 0.946484 1.05409
1 -0.00045409 0.811516 0.811516 0.998165 1.18831 0.865116 1.23005 0.83293
2 2.65905e-05 0.988659 0.988659 0.998165 0.97179 1.03903 0.971473 1.03949
3 0.000259128 0.94129 0.94129 0.998165 0.882627 1.12858 0.875412 1.13669
4 -0.000219055 0.993147 0.993147 0.998165 1.00723 0.990257 1.00729 0.990195
5 -1.32264e-05 0.49631 0.49631 0.998165 0.983388 1.01604 0.890888 0.95711
6 -0.000165019 0.993051 0.993051 0.998165 1.02026 0.982611 1.0204 0.982427
7 0.000304143 0.978274 0.978274 0.998165 0.919954 1.08469 0.918207 1.08661
8 0.00102753 0.932386 0.932386 0.998165 0.810612 1.21717 0.79825 1.23363
9 4.02786e-05 0.987571 0.987571 0.998165 0.955842 1.04633 0.955281 1.04692
10 0.000242353 0.866907 0.866907 0.998165 0.76046 1.26615 0.720343 1.30008
11 1.35241e-05 0.992906 0.992906 0.998165 0.991373 1.00668 0.99132 1.00673
12 4.68347e-05 0.940781 0.940781 0.998165 0.795461 1.20439 0.781901 1.21652
13 -0.00103007 0.981932 0.981932 0.998165 1.12576 0.889915 1.12819 0.887994
14 -7.01957e-05 0.979482 0.979482 0.998165 1.07177 0.931823 1.07329 0.93039
15 -0.000916964 0.957806 0.957806 0.998165 0.890504 1.10691 0.885281 1.11128
16 -1.45378e-05 0.961775 0.961775 0.998165 0.929332 1.08065 0.926525 1.08387
17 0.00010372 0.962848 0.962848 0.998165 0.893493 1.10851 0.888504 1.11271
18 0.000138232 0.94262 0.94262 0.998165 0.865744 1.14058 0.857583 1.14917
19 0.000685618 0.991926 0.991926 0.998165 0.980072 1.01622 0.979912 1.01609
20 0.998165 0.76555 0.76555 0.998165 0.998165 0.998165 0.998165 0.998165
21 0.000703236 0.971165 0.971165 0.998165 0.884096 1.12674 0.88076 1.13064
22 -0.000531029 0.992765 0.992765 0.998165 1.02124 0.97414 1.0214 0.973937
23 6.84093e-05 0.983395 0.983395 0.998165 0.915513 1.08552 0.914092 1.08694
24 0.000304687 0.989327 0.989327 0.998165 0.9634 1.04904 0.963015 1.04959
25 0.000146099 0.992131 0.992131 0.998165 0.981209 1.02233 0.981421 1.02251
26 0.000876239 0.988036 0.988036 0.998165 0.913508 1.09711 0.912551 1.09833
27 4.18614e-05 0.988305 0.988305 0.998165 0.968552 1.0438 0.968201 1.04433
28 9.30319e-06 0.993296 0.993296 0.998165 1.01149 1.01366 1.01157 1.01376
29 0.000536508 0.953563 0.953563 0.998165 0.866203 1.14429 0.859814 1.15148
30 -2.39016e-05 0.992828 0.992828 0.998165 1.00972 0.990257 1.0098 0.990195
31 0.000292512 0.979802 0.979802 0.998165 0.923827 1.08042 0.92228 1.08211
32 0.000200325 0.993102 0.993102 0.998165 0.992547 1.00543 0.992505 1.00548
33 0.000184243 0.993169 0.993169 0.998165 0.996724 1.00089 0.996708 1.0009
34 5.0496e-05 0.993405 0.993405 0.998165 0.971464 0.971467 0.971278 0.971281
35 5.36372e-05 0.970975 0.970975 0.998165 0.885216 1.13262 0.882793 1.13635
