0 0.000334636 0.988558 0.988558 0.99814 0.947067 1.05342 0.946466 1.05406
1 -0.000463569 0.811439 0.811439 0.99814 1.18801 0.865113 1.22863 0.832915
2 2.64686e-05 0.98867 0.98867 0.99814 0.971768 1.03901 0.971452 1.03947
3 0.000256457 0.941144 0.941144 0.99814 0.882623 1.12853 0.875417 1.13667
4 -0.000220241 0.993144 0.993144 0.99814 1.00721 0.990232 1.00726 0.990171
5 -1.11952e-05 0.496006 0.496006 0.99814 0.983494 1.01603 0.890881 0.957114
6 -0.000166 0.993031 0.993031 0.99814 1.02024 0.982305 1.02038 0.982126
7 0.00030402 0.978113 0.978113 0.99814 0.919949 1.08465 0.918189 1.08658
8 0.00102956 0.931401 0.931401 0.99814 0.81081 1.2169 0.79824 1.23359
9 3.99957e-05 0.987581 0.987581 0.99814 0.955825 1.0463 0.955264 1.0469
10 0.00025552 0.867164 0.867164 0.99814 0.760375 1.2662 0.720329 1.30006
11 1.53309e-05 0.992913 0.992913 0.99814 0.99135 1.00666 0.991296 1.00671
12 5.1193e-05 0.941322 0.941322 0.99814 0.795318 1.20448 0.78188 1.2165
13 -0.00103538 0.981147 0.981147 0.99814 1.12563 0.889977 1.12816 0.887972
14 -6.85645e-05 0.979493 0.979493 0.99814 1.07174 0.931802 1.07327 0.930369
15 -0.000924657 0.959023 0.959023 0.99814 0.890334 1.10701 0.885261 1.11125
16 -2.0592e-05 0.961853 0.961853 0.99814 0.929306 1.08063 0.926506 1.08385
17 0.000103071 0.962892 0.962892 0.99814 0.893442 1.10849 0.889916 1.11269
18 0.000136064 0.942665 0.942665 0.99814 0.865719 1.14056 0.857639 1.14915
19 0.000689477 0.991931 0.991931 0.99814 0.980065 1.01675 0.979905 1.01654
20 0.99814 0.767013 0.767013 0.99814 0.99814 0.99814 0.99814 0.99814
21 0.00070503 0.970609 0.970609 0.99814 0.88415 1.12664 0.880727 1.13061
22 -0.000534222 0.992703 0.992703 0.99814 1.02122 0.980266 1.02138 0.974155
23 6.99031e-05 0.983433 0.983433 0.99814 0.914891 1.0855 0.913401 1.08692
24 0.000305514 0.989213 0.989213 0.99814 0.963385 1.04901 0.962996 1.04957
25 0.00014652 0.992103 0.992103 0.99814 0.981964 1.02231 0.979825 1.02249
26 0.000882004 0.987528 0.987528 0.99814 0.913532 1.09703 0.912533 1.0983
27 4.26921e-05 0.988312 0.988312 0.99814 0.968532 1.04378 0.968182 1.04431
28 1.23743e-05 0.993296 0.993296 0.99814 1.01147 1.01364 1.01155 1.01374
29 0.000537582 0.953156 0.953156 0.99814 0.866239 1.1442 0.859794 1.15145
30 -2.55362e-05 0.99283 0.99283 0.99814 1.0097 0.990234 1.00978 0.990172
31 0.00029409 0.979659 0.979659 0.99814 0.923819 1.08039 0.922262 1.08209
32 0.000201532 0.993083 0.993083 0.99814 0.992525 1.00541 0.992484 1.00546
33 0.000184944 0.993167 0.993167 0.99814 0.996697 1.00086 0.996682 1.00087
34 3.91125e-05 0.993414 0.993414 0.99814 0.971443 0.971445 0.971257 0.971259
35 5.8467e-05 0.971155 0.971155 0.99814 0.885607 1.13264 0.883254 1.13634
