0 -0.0434279 0.983573 0.983573 1.84217 1.77724 1.90949 1.77617 1.91062
1 -0.19309 0.841071 0.841071 1.84217 2.01326 1.71669 2.04542 1.69144
2 -0.053871 0.98638 0.98638 1.84217 1.80289 1.88026 1.80235 1.88079
3 -0.209027 0.92607 0.92607 1.84217 1.71654 1.97154 1.70661 1.9819
4 -0.0462643 0.991442 0.991442 1.84217 1.84716 1.83635 1.84719 1.83629
5 0.322055 0.484727 0.484727 1.84217 1.85968 1.76506 1.81405 1.65915
6 -0.000620655 0.991347 0.991347 1.84217 1.86682 1.81947 1.86703 1.81928
7 -0.0913758 0.96916 0.96916 1.84217 1.7508 1.93572 1.74792 1.93872
8 -0.207509 0.870142 0.870142 1.84217 1.62669 2.0795 1.59597 2.11603
9 -0.05755 0.98636 0.98636 1.84217 1.79603 1.88834 1.7954 1.88898
10 0.369955 0.894129 0.894129 1.84217 1.54866 2.1254 1.50773 2.15906
11 0.0222303 0.992886 0.992886 1.84217 1.83098 1.85334 1.8309 1.85342
12 0.000594849 0.924551 0.924551 1.84217 1.61947 2.0631 1.60019 2.07983
13 0.0642642 0.948595 0.948595 1.84217 2.00405 1.69646 2.01314 1.68886
14 0.0904585 0.975399 0.975399 1.84217 1.91266 1.77156 1.91443 1.76978
15 -0.132263 0.968585 0.968585 1.84217 1.77604 1.90348 1.77366 1.9052
16 -0.173448 0.955037 0.955037 1.84217 1.76658 1.91665 1.76299 1.92013
17 -0.130622 0.950398 0.950398 1.84217 1.73262 1.9489 1.72685 1.95445
18 -0.177973 0.928405 0.928405 1.84217 1.70647 1.9784 1.69596 1.98885
19 0.106553 0.98256 0.98256 1.84217 1.83598 1.82459 1.83576 1.824
20 1.84217 0.640239 0.640239 1.84217 1.84217 1.84217 1.84217 1.84217
21 -0.106392 0.94595 0.94595 1.84217 1.70184 1.99268 1.69403 2.00147
22 -0.0282327 0.989428 0.989428 1.84217 1.88712 1.79897 1.8876 1.79851
23 0.0578616 0.983318 0.983318 1.84217 1.75568 1.92811 1.75421 1.92956
24 -0.0406386 0.987906 0.987906 1.84217 1.78465 1.90345 1.78396 1.90421
25 -0.0260031 0.991054 0.991054 1.84217 1.8128 1.87205 1.81254 1.87232
26 -0.0292781 0.966775 0.966775 1.84217 1.71743 1.97807 1.71326 1.98287
27 -0.0527099 0.98664 0.98664 1.84217 1.79815 1.88616 1.79755 1.88676
28 0.00218094 0.947871 0.947871 1.84217 1.8552 1.85769 1.85591 1.85853
29 -0.153336 0.927877 0.927877 1.84217 1.69069 1.99898 1.67911 2.01135
30 -0.025263 0.992728 0.992728 1.84217 1.85463 1.82979 1.85472 1.8297
31 -0.0861912 0.971478 0.971478 1.84217 1.75494 1.93139 1.75241 1.93403
32 -0.00243015 0.992523 0.992523 1.84217 1.82334 1.86102 1.8232 1.86116
33 0.0243546 0.992695 0.992695 1.84217 1.84325 1.84069 1.84326 1.84067
34 -3.77897e-06 0.906503 0.906503 1.84217 1.81634 1.81634 1.80308 1.80308
35 0.101639 0.959065 0.959065 1.84217 1.70406 1.99713 1.69783 2.00347
