0 -0.0434098 0.985418 0.985418 1.8422 1.77729 1.90977 1.77634 1.91078
1 -0.193408 0.85562 0.85562 1.8422 2.01632 1.71446 2.04549 1.69151
2 -0.0538381 0.988131 0.988131 1.8422 1.80295 1.88045 1.80248 1.88091
3 -0.208911 0.948583 0.948583 1.8422 1.71363 1.9748 1.70672 1.982
4 -0.0462838 0.990763 0.990763 1.8422 1.84706 1.83628 1.8471 1.83622
5 0.322157 0.491628 0.491628 1.8422 1.8619 1.76447 1.81412 1.65931
6 -0.000621586 0.991215 0.991215 1.8422 1.86691 1.81958 1.86713 1.81938
7 -0.0913281 0.97519 0.97519 1.8422 1.75038 1.93646 1.74807 1.93887
8 -0.207425 0.892866 0.892866 1.8422 1.6214 2.08597 1.59607 2.11613
9 -0.0575183 0.988403 0.988403 1.8422 1.79606 1.88856 1.79552 1.8891
10 0.370117 0.869426 0.869426 1.8422 1.55805 2.11745 1.50774 2.15915
11 0.0222056 0.993048 0.993048 1.8422 1.83113 1.85348 1.83106 1.85356
12 0.000702182 0.928316 0.928316 1.8422 1.61863 2.06405 1.6003 2.07994
13 0.0642331 0.954135 0.954135 1.8422 2.00516 1.69576 2.01327 1.68898
14 0.0904066 0.980312 0.980312 1.8422 1.91314 1.77133 1.91456 1.7699
15 -0.132161 0.976025 0.976025 1.8422 1.77561 1.904 1.7738 1.90531
16 -0.173454 0.961995 0.961995 1.8422 1.76614 1.91731 1.76311 1.92026
17 -0.130534 0.96036 0.96036 1.8422 1.73158 1.95013 1.72696 1.95456
18 -0.177869 0.944548 0.944548 1.8422 1.70421 1.98086 1.69607 1.98896
19 0.106729 0.991962 0.991962 1.8422 1.83598 1.82439 1.83588 1.82412
20 1.8422 0.675684 0.675684 1.8422 1.8422 1.8422 1.8422 1.8422
21 -0.106345 0.955234 0.955234 1.8422 1.70061 1.9943 1.69414 2.00159
22 -0.0282303 0.988147 0.988147 1.8422 1.8872 1.79915 1.88774 1.79864
23 0.0578944 0.98517 0.98517 1.8422 1.75566 1.92841 1.75436 1.9297
24 -0.040621 0.989554 0.989554 1.8422 1.78472 1.90372 1.78412 1.90437
25 -0.0259949 0.99158 0.99158 1.8422 1.81297 1.87224 1.81272 1.87249
26 -0.0292839 0.9677 0.9677 1.8422 1.71743 1.97834 1.71338 1.983
27 -0.0526804 0.988403 0.988403 1.8422 1.79819 1.88636 1.79767 1.88688
28 0.00218588 0.947883 0.947883 1.8422 1.85525 1.85774 1.85595 1.85858
29 -0.153255 0.94245 0.94245 1.8422 1.68848 2.00161 1.67925 2.01148
30 -0.0252371 0.992848 0.992848 1.8422 1.85475 1.82991 1.85484 1.82983
31 -0.0861465 0.976918 0.976918 1.8422 1.75461 1.93204 1.75255 1.93418
32 -0.00242855 0.992531 0.992531 1.8422 1.82344 1.86111 1.8233 1.86125
33 0.0243901 0.993228 0.993228 1.8422 1.8432 1.84063 1.8432 1.84061
34 1.02948e-06 0.906462 0.906462 1.8422 1.81647 1.81647 1.80321 1.80321
35 0.10152 0.961315 0.961315 1.8422 1.70386 1.99762 1.69797 2.00362
